D=0.6 tau=1.29832086614175 phi=2
D=0.8 tau=1.29832086614175 phi=2
D=0 tau=2.14222942913387 phi=2
