D=0.6 tau=1.29832086614175 phi=2
D=0.642076901139083 tau=1.70958516217667 phi=2.35
D=0 tau=2.69762224409451 phi=1.69784017821982
